---
layout: post
title: KITTI双目数据集使用
categories: [自动驾驶]
description: 
keywords: 
---

<style>
.img_txt{text-align:center}
</style>

KITTI是面向自动驾驶的标准测试数据集，这里关注其中双目数据
如图1所示，KITTI使用4个相机采集图像数据，两个为灰度相机，另外两个为彩色相机。

![](/assets/images/articles/20180528_01/20180528135915723.png)

<div class="img_txt">图1. 双目系统包含两个灰度相机和两个彩色相机</div>

---

# 数据格式

KITTI目前有2012和2015两个双目数据集

[stereo2015][1]里可以下载立体校正后的图像对和标定文件；[raw data][2]里可以下载原始未校正的图像对和标定文件

一个典型的标定文件 calib_cam_to_cam.txt 如下：

```
calib_time: 09-Jan-2012 13:57:47
corner_dist: 9.950000e-02
S_00: 1.392000e+03 5.120000e+02
K_00: 9.842439e+02 0.000000e+00 6.900000e+02 0.000000e+00 9.808141e+02 2.331966e+02 0.000000e+00 0.000000e+00 1.000000e+00
D_00: -3.728755e-01 2.037299e-01 2.219027e-03 1.383707e-03 -7.233722e-02
R_00: 1.000000e+00 0.000000e+00 0.000000e+00 0.000000e+00 1.000000e+00 0.000000e+00 0.000000e+00 0.000000e+00 1.000000e+00
T_00: 2.573699e-16 -1.059758e-16 1.614870e-16
S_rect_00: 1.242000e+03 3.750000e+02
R_rect_00: 9.999239e-01 9.837760e-03 -7.445048e-03 -9.869795e-03 9.999421e-01 -4.278459e-03 7.402527e-03 4.351614e-03 9.999631e-01
P_rect_00: 7.215377e+02 0.000000e+00 6.095593e+02 0.000000e+00 0.000000e+00 7.215377e+02 1.728540e+02 0.000000e+00 0.000000e+00 0.000000e+00 1.000000e+00 0.000000e+00
S_01: 1.392000e+03 5.120000e+02
K_01: 9.895267e+02 0.000000e+00 7.020000e+02 0.000000e+00 9.878386e+02 2.455590e+02 0.000000e+00 0.000000e+00 1.000000e+00
D_01: -3.644661e-01 1.790019e-01 1.148107e-03 -6.298563e-04 -5.314062e-02
R_01: 9.993513e-01 1.860866e-02 -3.083487e-02 -1.887662e-02 9.997863e-01 -8.421873e-03 3.067156e-02 8.998467e-03 9.994890e-01
T_01: -5.370000e-01 4.822061e-03 -1.252488e-02
S_rect_01: 1.242000e+03 3.750000e+02
R_rect_01: 9.996878e-01 -8.976826e-03 2.331651e-02 8.876121e-03 9.999508e-01 4.418952e-03 -2.335503e-02 -4.210612e-03 9.997184e-01
P_rect_01: 7.215377e+02 0.000000e+00 6.095593e+02 -3.875744e+02 0.000000e+00 7.215377e+02 1.728540e+02 0.000000e+00 0.000000e+00 0.000000e+00 1.000000e+00 0.000000e+00
S_02: 1.392000e+03 5.120000e+02
K_02: 9.597910e+02 0.000000e+00 6.960217e+02 0.000000e+00 9.569251e+02 2.241806e+02 0.000000e+00 0.000000e+00 1.000000e+00
D_02: -3.691481e-01 1.968681e-01 1.353473e-03 5.677587e-04 -6.770705e-02
R_02: 9.999758e-01 -5.267463e-03 -4.552439e-03 5.251945e-03 9.999804e-01 -3.413835e-03 4.570332e-03 3.389843e-03 9.999838e-01
T_02: 5.956621e-02 2.900141e-04 2.577209e-03
S_rect_02: 1.242000e+03 3.750000e+02
R_rect_02: 9.998817e-01 1.511453e-02 -2.841595e-03 -1.511724e-02 9.998853e-01 -9.338510e-04 2.827154e-03 9.766976e-04 9.999955e-01
P_rect_02: 7.215377e+02 0.000000e+00 6.095593e+02 4.485728e+01 0.000000e+00 7.215377e+02 1.728540e+02 2.163791e-01 0.000000e+00 0.000000e+00 1.000000e+00 2.745884e-03
S_03: 1.392000e+03 5.120000e+02
K_03: 9.037596e+02 0.000000e+00 6.957519e+02 0.000000e+00 9.019653e+02 2.242509e+02 0.000000e+00 0.000000e+00 1.000000e+00
D_03: -3.639558e-01 1.788651e-01 6.029694e-04 -3.922424e-04 -5.382460e-02
R_03: 9.995599e-01 1.699522e-02 -2.431313e-02 -1.704422e-02 9.998531e-01 -1.809756e-03 2.427880e-02 2.223358e-03 9.997028e-01
T_03: -4.731050e-01 5.551470e-03 -5.250882e-03
S_rect_03: 1.242000e+03 3.750000e+02
R_rect_03: 9.998321e-01 -7.193136e-03 1.685599e-02 7.232804e-03 9.999712e-01 -2.293585e-03 -1.683901e-02 2.415116e-03 9.998553e-01
P_rect_03: 7.215377e+02 0.000000e+00 6.095593e+02 -3.395242e+02 0.000000e+00 7.215377e+02 1.728540e+02 2.199936e+00 0.000000e+00 0.000000e+00 1.000000e+00 2.729905e-03
```

根据文章《Vision meets robotics: The KITTI dataset》【1】，各参数解释如下

![](/assets/images/articles/20180528_01/20180528141845886.png)

<div class="img_txt">图2. 各参数意义</div>

其中$i=0,1$时为左右灰度相机图像，$i=2,3$时为左右彩色相机图像。

---

# 原始双目数据的校正

根据图2的信息，有两种方式对原始数据做立体校正（基于OpenCV）

#### 直接使用R、P数据

R、P为校正后的旋转矩阵和映射矩阵，结合相机内参和畸变参数可以直接使用OpenCV的函数生成映射map
```
void initUndistortRectifyMap( InputArray cameraMatrix, InputArray distCoeffs,
                           InputArray R, InputArray newCameraMatrix,
                           Size size, int m1type, OutputArray map1, OutputArray map2 );
```
需要说明的是，KITTI的畸变向量$K^i$和OpenCV的组织方式一样，为$[k1,k2,p1,p2,k3]$

#### 使用相机内参、畸变参数、旋转平移矩阵先生成R、P数据

使用OpenCV的函数

```
void stereoRectify( InputArray cameraMatrix1, InputArray distCoeffs1,
                               InputArray cameraMatrix2, InputArray distCoeffs2,
                               Size imageSize, InputArray R, InputArray T,
                               OutputArray R1, OutputArray R2,
                               OutputArray P1, OutputArray P2,
                               OutputArray Q, int flags=CALIB_ZERO_DISPARITY,
                               double alpha=-1, Size newImageSize=Size(),
                               CV_OUT Rect* validPixROI1=0, CV_OUT Rect* validPixROI2=0 );
```

这里需要注意的是，KITTI的$R^i$和$t^i$是0号相机到$i$号相机的旋转、平移矩阵，
而实际我们需要的是0号和1号相机的旋转、平移；2号和3号相机的旋转、平移

因此对于彩色相机（2、3），需要对其做如下变换：

$$\begin{cases}R=R_3R_2^{-1} \\ T=t_3-Rt_2\end{cases}$$

---

# 参考文献

【1】Geiger A, Lenz P, Stiller C, et al. Vision meets robotics: The KITTI dataset[J]. International Journal of Robotics Research, 2013, 32(11):1231-1237.

---
[1]: http://www.cvlibs.net/datasets/kitti/eval_scene_flow.php?benchmark=stereo
[2]: http://www.cvlibs.net/datasets/kitti/raw_data.php

